0 0.448177 0.263889 0.044271 0.085185
0 0.292969 0.099537 0.022396 0.036111
0 0.240885 0.158796 0.031771 0.058333
0 0.341146 0.189815 0.033333 0.061111
0 0.344531 0.012963 0.014063 0.020370
0 0.331771 0.078241 0.017708 0.032407
0 0.328385 0.052778 0.020313 0.027778
0 0.238021 0.681481 0.114583 0.224074
0 0.410938 0.163426 0.033333 0.054630
0 0.320312 0.021759 0.015625 0.025000
0 0.365885 0.061111 0.019271 0.029630
0 0.332552 0.314352 0.046354 0.093519
0 0.291667 0.059722 0.019792 0.028704
