0 0.331510 0.084722 0.022396 0.036111
0 0.487500 0.979259 0.094792 0.041481
0 0.292969 0.052778 0.017188 0.027778
0 0.292708 0.027778 0.014583 0.022222
0 0.346094 0.018056 0.015104 0.023148
0 0.316927 0.004167 0.015104 0.008333
0 0.321094 0.018056 0.016146 0.019444
0 0.240885 0.158333 0.031771 0.059259
0 0.373437 0.085185 0.023958 0.037037
0 0.402604 0.139815 0.031250 0.048148
0 0.329167 0.246296 0.038542 0.070370
0 0.321875 0.033796 0.013542 0.025000
0 0.318229 0.368981 0.053125 0.102778
0 0.338542 0.147222 0.028125 0.050000
