0 0.291667 0.091204 0.022917 0.036111
0 0.240365 0.158333 0.031771 0.059259
0 0.384896 0.101852 0.023958 0.035185
0 0.312240 0.003241 0.013021 0.006481
0 0.339062 0.127315 0.020833 0.039815
0 0.291406 0.148611 0.028646 0.045370
0 0.335417 0.339815 0.050000 0.103704
0 0.333333 0.089352 0.022917 0.036111
0 0.477083 0.398611 0.057292 0.123148
0 0.443750 0.239352 0.041667 0.073148
0 0.323437 0.043056 0.017708 0.028704
0 0.262500 0.637963 0.101042 0.209259
0 0.354427 0.036111 0.017188 0.025926
