0 0.329427 0.060648 0.020313 0.030556
0 0.454948 0.291667 0.046354 0.092593
0 0.240885 0.158796 0.031771 0.058333
0 0.320833 0.026852 0.015625 0.024074
0 0.292969 0.109722 0.023438 0.036111
0 0.370312 0.069444 0.020833 0.031481
0 0.325521 0.361574 0.055208 0.106481
0 0.341927 0.215741 0.036979 0.068519
0 0.346615 0.016667 0.015104 0.022222
0 0.333594 0.088426 0.018229 0.032407
0 0.182812 0.857870 0.143750 0.284259
0 0.291667 0.067130 0.019792 0.030556
0 0.417969 0.178704 0.034896 0.057407
