0 0.336719 0.003241 0.013021 0.006481
0 0.316927 0.008796 0.011979 0.013889
0 0.378385 0.085185 0.023438 0.035185
0 0.323437 0.045370 0.017708 0.029630
0 0.336979 0.208333 0.034375 0.061111
0 0.357552 0.050000 0.019271 0.029630
0 0.275521 0.564352 0.084375 0.169444
0 0.240885 0.158333 0.031771 0.059259
0 0.491667 0.735648 0.096875 0.286111
0 0.330729 0.146296 0.028125 0.046296
0 0.333073 0.089352 0.021354 0.037963
0 0.293490 0.031481 0.015104 0.025926
0 0.317188 0.014815 0.011458 0.016667
0 0.316667 0.005556 0.013542 0.011111
