0 0.293229 0.018056 0.013542 0.019444
0 0.335156 0.253704 0.038021 0.070370
0 0.211458 0.796296 0.126042 0.264815
0 0.492188 0.847685 0.109375 0.304630
0 0.335156 0.108333 0.023438 0.042593
0 0.363021 0.061574 0.019792 0.030556
0 0.240885 0.158333 0.031771 0.059259
0 0.330729 0.176852 0.033333 0.055556
0 0.386458 0.102315 0.026042 0.041667
0 0.326302 0.057870 0.019271 0.030556
0 0.318490 0.020370 0.011979 0.020370
0 0.293229 0.038889 0.015625 0.024074
0 0.318229 0.008333 0.014583 0.014815
0 0.339583 0.006944 0.013542 0.013889
