0 0.293229 0.098611 0.021875 0.036111
0 0.328385 0.051852 0.020313 0.029630
0 0.409635 0.161111 0.033854 0.055556
0 0.365365 0.060185 0.020313 0.029630
0 0.333333 0.308796 0.046875 0.091667
0 0.447135 0.260648 0.043229 0.084259
0 0.240885 0.158796 0.031771 0.058333
0 0.320052 0.020833 0.016146 0.025000
0 0.291406 0.059259 0.019271 0.029630
0 0.340885 0.187037 0.032813 0.059259
0 0.244010 0.660648 0.107813 0.210185
0 0.344010 0.012037 0.014063 0.020370
0 0.331510 0.077315 0.017188 0.032407
