0 0.193750 0.853241 0.135417 0.286111
0 0.334375 0.262963 0.038542 0.074074
0 0.388281 0.106481 0.026562 0.040741
0 0.491927 0.857407 0.119271 0.283333
0 0.335677 0.111111 0.024479 0.042593
0 0.330990 0.182407 0.032813 0.055556
0 0.327083 0.060648 0.019792 0.030556
0 0.293229 0.039815 0.016667 0.025926
0 0.240885 0.158333 0.031771 0.059259
0 0.318750 0.021759 0.012500 0.019444
0 0.363802 0.064352 0.020313 0.032407
0 0.318490 0.009259 0.015104 0.016667
0 0.340625 0.007407 0.013542 0.014815
0 0.293229 0.019907 0.013542 0.019444
0 0.489583 0.982870 0.104167 0.034259
