0 0.321354 0.031481 0.016667 0.027778
0 0.291667 0.075000 0.020833 0.031481
0 0.341406 0.251389 0.040104 0.076852
0 0.330729 0.069444 0.020833 0.033333
0 0.240625 0.158796 0.032292 0.058333
0 0.463281 0.325926 0.050521 0.100000
0 0.134115 0.984259 0.125521 0.029630
0 0.349219 0.022685 0.016146 0.025000
0 0.292708 0.121296 0.025000 0.038889
0 0.314063 0.432407 0.064583 0.127778
0 0.335417 0.100463 0.018750 0.036111
0 0.427083 0.198148 0.037500 0.062963
0 0.374740 0.080093 0.021354 0.032407
