0 0.341146 0.196759 0.034375 0.063889
0 0.450781 0.271759 0.045312 0.086111
0 0.240885 0.158796 0.031771 0.058333
0 0.331771 0.327315 0.048958 0.097222
0 0.366927 0.063426 0.019271 0.030556
0 0.223438 0.725926 0.121875 0.242593
0 0.291406 0.061111 0.020313 0.029630
0 0.345052 0.013426 0.014063 0.021296
0 0.328646 0.054630 0.019792 0.029630
0 0.320312 0.022685 0.015625 0.025000
0 0.332292 0.081481 0.017708 0.033333
0 0.292969 0.102315 0.023438 0.036111
0 0.413021 0.167593 0.034375 0.055556
