0 0.324219 0.044907 0.015104 0.026852
0 0.291927 0.035648 0.016146 0.028704
0 0.323437 0.026852 0.016667 0.022222
0 0.351042 0.029167 0.015625 0.023148
0 0.322135 0.314352 0.047396 0.089815
0 0.382552 0.104630 0.025521 0.038889
0 0.340104 0.181481 0.032292 0.061111
0 0.334896 0.108796 0.025000 0.041667
0 0.240885 0.158796 0.031771 0.058333
0 0.316927 0.007407 0.013021 0.014815
0 0.293229 0.064815 0.018750 0.029630
0 0.415104 0.169907 0.035417 0.056481
0 0.289062 0.504630 0.073958 0.146296
