0 0.330208 0.225463 0.035417 0.065741
0 0.344271 0.014352 0.014583 0.021296
0 0.489583 0.932407 0.102083 0.135185
0 0.292969 0.025926 0.014063 0.022222
0 0.292969 0.049074 0.017188 0.027778
0 0.320573 0.030556 0.013021 0.022222
0 0.330208 0.076852 0.021875 0.035185
0 0.370312 0.079630 0.022917 0.035185
0 0.320052 0.014815 0.015104 0.020370
0 0.325781 0.331481 0.047396 0.088889
0 0.240885 0.158333 0.031771 0.059259
0 0.397917 0.129630 0.029167 0.046296
0 0.337500 0.135185 0.027083 0.048148
