0 0.335156 0.104167 0.023438 0.037963
0 0.454167 0.268519 0.043750 0.081481
0 0.323177 0.429630 0.061979 0.129630
0 0.240885 0.158333 0.031771 0.059259
0 0.324740 0.051852 0.019271 0.031481
0 0.314323 0.005556 0.013021 0.011111
0 0.483854 0.453241 0.062500 0.145370
0 0.290885 0.170833 0.031771 0.050926
0 0.291667 0.103704 0.023958 0.038889
0 0.359115 0.045833 0.017188 0.028704
0 0.341146 0.148611 0.023958 0.045370
0 0.392188 0.118519 0.026042 0.040741
0 0.188021 0.860185 0.156250 0.268519
