0 0.433073 0.216667 0.039062 0.070370
0 0.396875 0.133796 0.029167 0.047222
0 0.240885 0.158333 0.031771 0.059259
0 0.183854 0.859722 0.141667 0.280556
0 0.358594 0.044907 0.018229 0.030556
0 0.326042 0.040278 0.018750 0.026852
0 0.339323 0.243981 0.039062 0.073148
0 0.293229 0.083333 0.020833 0.033333
0 0.291406 0.048148 0.018229 0.029630
0 0.328385 0.062037 0.016146 0.029630
0 0.318750 0.012963 0.014583 0.024074
0 0.339844 0.006481 0.011979 0.012963
0 0.296354 0.458796 0.068750 0.134259
0 0.339062 0.147685 0.029167 0.050926
