0 0.328125 0.311111 0.044792 0.088889
0 0.488021 0.910648 0.108333 0.173148
0 0.343229 0.012037 0.014583 0.020370
0 0.292969 0.024074 0.013021 0.022222
0 0.292969 0.046296 0.017188 0.027778
0 0.337760 0.129167 0.025521 0.045370
0 0.329427 0.072685 0.021354 0.034259
0 0.319531 0.013426 0.015104 0.019444
0 0.368750 0.075463 0.021875 0.034259
0 0.395313 0.123148 0.028125 0.044444
0 0.330469 0.213426 0.033854 0.062037
0 0.240885 0.158333 0.031771 0.059259
0 0.320312 0.028241 0.012500 0.023148
