0 0.329167 0.389815 0.060417 0.116667
0 0.313542 0.004630 0.012500 0.009259
0 0.357292 0.042130 0.016667 0.026852
0 0.481250 0.429630 0.060417 0.137037
0 0.240885 0.158333 0.031771 0.059259
0 0.291927 0.098611 0.023438 0.037963
0 0.340365 0.139815 0.022396 0.042593
0 0.324219 0.048611 0.018229 0.030556
0 0.290885 0.161574 0.030729 0.047222
0 0.450000 0.257407 0.042708 0.077778
0 0.389323 0.111574 0.025521 0.039815
0 0.334635 0.097685 0.023438 0.037963
0 0.226823 0.773611 0.125521 0.269444
