0 0.240885 0.158796 0.031771 0.058333
0 0.446094 0.256944 0.043229 0.080556
0 0.249740 0.639815 0.099479 0.196296
0 0.331510 0.075926 0.017188 0.031481
0 0.291667 0.058333 0.019792 0.029630
0 0.343750 0.012037 0.014583 0.020370
0 0.328125 0.050926 0.019792 0.029630
0 0.340885 0.183333 0.032813 0.059259
0 0.408594 0.158796 0.033854 0.054630
0 0.319792 0.019907 0.015625 0.025000
0 0.293229 0.097685 0.021875 0.034259
0 0.333594 0.303704 0.046354 0.087037
0 0.364844 0.058796 0.019271 0.028704
