0 0.462500 0.321296 0.050000 0.098148
0 0.292708 0.119907 0.023958 0.037963
0 0.130729 0.965741 0.127083 0.068519
0 0.348958 0.022685 0.014583 0.023148
0 0.330469 0.068519 0.020313 0.033333
0 0.335156 0.098611 0.019271 0.036111
0 0.321615 0.031481 0.016146 0.025926
0 0.316667 0.421296 0.062500 0.122222
0 0.426302 0.196296 0.036979 0.062963
0 0.341406 0.246759 0.039062 0.076852
0 0.240625 0.158333 0.032292 0.059259
0 0.373698 0.078704 0.021354 0.031481
0 0.291406 0.074537 0.020313 0.034259
