0 0.321875 0.021296 0.015625 0.022222
0 0.322656 0.037963 0.014063 0.024074
0 0.292448 0.031481 0.015104 0.024074
0 0.310156 0.413426 0.060937 0.115741
0 0.339323 0.159722 0.029687 0.054630
0 0.376823 0.093056 0.023438 0.036111
0 0.407552 0.150463 0.032813 0.054630
0 0.316406 0.005556 0.014063 0.011111
0 0.348177 0.022222 0.015104 0.022222
0 0.292969 0.057407 0.018229 0.029630
0 0.332813 0.093056 0.023958 0.037963
0 0.327083 0.268981 0.041667 0.076852
0 0.240885 0.158333 0.031771 0.059259
