0 0.420573 0.183333 0.035937 0.059259
0 0.291927 0.068056 0.020313 0.032407
0 0.458073 0.299074 0.047396 0.092593
0 0.292969 0.112037 0.024479 0.037037
0 0.371094 0.071759 0.021354 0.030556
0 0.240885 0.158333 0.031771 0.059259
0 0.323177 0.377778 0.056771 0.111111
0 0.321354 0.027315 0.015625 0.025000
0 0.329948 0.062500 0.020313 0.030556
0 0.163542 0.886574 0.151042 0.225000
0 0.334115 0.091204 0.018229 0.034259
0 0.347135 0.018519 0.015104 0.022222
0 0.341927 0.223611 0.036979 0.069444
