0 0.293229 0.100926 0.022917 0.035185
0 0.231771 0.703241 0.117708 0.234259
0 0.341146 0.193519 0.034375 0.062963
0 0.448958 0.267130 0.044792 0.086111
0 0.332552 0.320370 0.048438 0.096296
0 0.240885 0.158796 0.031771 0.058333
0 0.291667 0.061111 0.019792 0.029630
0 0.366406 0.062037 0.019271 0.029630
0 0.332031 0.079167 0.017188 0.034259
0 0.411979 0.165741 0.034375 0.055556
0 0.328646 0.053704 0.019792 0.029630
0 0.320312 0.021759 0.014583 0.025000
0 0.344531 0.013426 0.015104 0.021296
