0 0.432292 0.213426 0.038542 0.069444
0 0.339583 0.239815 0.037500 0.074074
0 0.358073 0.043981 0.018229 0.028704
0 0.298177 0.448148 0.067187 0.131481
0 0.291406 0.047685 0.018229 0.028704
0 0.327865 0.060648 0.016146 0.028704
0 0.194010 0.832870 0.138021 0.276852
0 0.339062 0.145370 0.029167 0.050000
0 0.339583 0.002315 0.012500 0.004630
0 0.339583 0.006019 0.012500 0.012037
0 0.319010 0.012500 0.015104 0.025000
0 0.293229 0.081944 0.020833 0.034259
0 0.395833 0.132407 0.029167 0.046296
0 0.325781 0.039352 0.018229 0.026852
0 0.240885 0.158333 0.031771 0.059259
