0 0.240885 0.158333 0.031771 0.059259
0 0.394531 0.120833 0.027604 0.043519
0 0.148958 0.979630 0.130208 0.038889
0 0.292969 0.023148 0.013021 0.022222
0 0.488021 0.902778 0.113542 0.185185
0 0.342708 0.011111 0.014583 0.020370
0 0.319531 0.012037 0.015104 0.020370
0 0.292969 0.045833 0.017188 0.026852
0 0.320052 0.027778 0.013021 0.020370
0 0.368229 0.074074 0.021875 0.033333
0 0.330729 0.209722 0.034375 0.062037
0 0.328906 0.071296 0.020313 0.035185
0 0.329167 0.305093 0.043750 0.086111
0 0.337500 0.126852 0.025000 0.046296
