0 0.333854 0.090278 0.018750 0.032407
0 0.346875 0.017593 0.014583 0.022222
0 0.172135 0.871759 0.153646 0.256481
0 0.291406 0.067593 0.020313 0.031481
0 0.370312 0.070370 0.020833 0.031481
0 0.320833 0.026852 0.015625 0.025926
0 0.419271 0.181019 0.035417 0.058333
0 0.329688 0.061574 0.019792 0.030556
0 0.240885 0.158333 0.031771 0.059259
0 0.456771 0.295833 0.046875 0.091667
0 0.324479 0.369907 0.056250 0.110185
0 0.292969 0.111111 0.023438 0.038889
0 0.341927 0.219444 0.036979 0.068519
