0 0.343229 0.011111 0.014583 0.020370
0 0.407552 0.156481 0.032813 0.053704
0 0.340885 0.179630 0.032813 0.059259
0 0.330729 0.074074 0.016667 0.035185
0 0.293229 0.096296 0.021875 0.033333
0 0.291406 0.056944 0.019271 0.028704
0 0.444792 0.253704 0.042708 0.081481
0 0.327865 0.050000 0.019271 0.029630
0 0.334635 0.298148 0.044271 0.087037
0 0.240885 0.158796 0.031771 0.058333
0 0.363802 0.057407 0.019271 0.029630
0 0.319792 0.019444 0.015625 0.024074
0 0.255469 0.620370 0.098437 0.190741
