0 0.340104 0.208333 0.034375 0.066667
0 0.240885 0.158333 0.031771 0.059259
0 0.325781 0.051852 0.016146 0.029630
0 0.388802 0.117593 0.027604 0.044444
0 0.293229 0.073148 0.019792 0.031481
0 0.252865 0.635185 0.098437 0.194444
0 0.313281 0.372222 0.053646 0.107407
0 0.324479 0.033333 0.017708 0.025926
0 0.423177 0.190741 0.036979 0.064815
0 0.291667 0.041204 0.017708 0.028704
0 0.338021 0.004167 0.013542 0.008333
0 0.318229 0.009722 0.014583 0.019444
0 0.354427 0.036111 0.017188 0.025926
0 0.336719 0.125463 0.026562 0.045370
