0 0.292708 0.024537 0.013542 0.021296
0 0.329688 0.075000 0.021875 0.035185
0 0.490104 0.926852 0.100000 0.146296
0 0.344010 0.013426 0.015104 0.021296
0 0.293229 0.048148 0.016667 0.025926
0 0.320052 0.013889 0.015104 0.020370
0 0.329948 0.221296 0.034896 0.064815
0 0.370052 0.077315 0.022396 0.036111
0 0.320312 0.028704 0.012500 0.024074
0 0.337760 0.132870 0.026562 0.047222
0 0.397135 0.127315 0.029687 0.047222
0 0.326302 0.325926 0.046354 0.090741
0 0.240885 0.158333 0.031771 0.059259
