0 0.328646 0.055556 0.018750 0.029630
0 0.332552 0.081944 0.018229 0.034259
0 0.414062 0.169444 0.034375 0.057407
0 0.330729 0.334259 0.048958 0.096296
0 0.367448 0.064815 0.020313 0.029630
0 0.217448 0.751389 0.127604 0.252778
0 0.292969 0.103241 0.023438 0.036111
0 0.291667 0.062037 0.019792 0.029630
0 0.341667 0.200926 0.033333 0.062963
0 0.451562 0.275926 0.044792 0.087037
0 0.240885 0.158333 0.031771 0.059259
0 0.320573 0.022685 0.016146 0.025000
0 0.345313 0.014352 0.014583 0.021296
