0 0.393490 0.118981 0.027604 0.043519
0 0.342708 0.010648 0.014583 0.019444
0 0.319010 0.012037 0.015104 0.018519
0 0.292708 0.044444 0.016667 0.025926
0 0.328906 0.069444 0.020313 0.033333
0 0.337240 0.124537 0.025521 0.045370
0 0.367708 0.072685 0.021875 0.034259
0 0.319792 0.026852 0.012500 0.020370
0 0.240885 0.157870 0.031771 0.058333
0 0.330729 0.299074 0.043750 0.083333
0 0.330208 0.206019 0.034375 0.062037
0 0.144531 0.961574 0.135937 0.075000
0 0.292969 0.023611 0.013021 0.019444
0 0.487760 0.896296 0.114062 0.201852
