0 0.322917 0.023148 0.016667 0.022222
0 0.241146 0.158333 0.031250 0.059259
0 0.379167 0.096296 0.025000 0.038889
0 0.292708 0.032870 0.016667 0.025000
0 0.303385 0.443981 0.064062 0.123148
0 0.339844 0.167593 0.030729 0.055556
0 0.410677 0.157870 0.032813 0.052778
0 0.333594 0.098611 0.023438 0.037963
0 0.325781 0.285185 0.043229 0.079630
0 0.323177 0.040278 0.014063 0.025000
0 0.293229 0.060185 0.018750 0.029630
0 0.349219 0.024537 0.015104 0.021296
0 0.316667 0.006019 0.012500 0.012037
