0 0.335938 0.281019 0.042708 0.084259
0 0.342708 0.009259 0.013542 0.018519
0 0.293229 0.091667 0.021875 0.035185
0 0.330208 0.069907 0.017708 0.034259
0 0.291406 0.054630 0.019271 0.027778
0 0.319531 0.017593 0.015104 0.024074
0 0.404427 0.150463 0.032813 0.052778
0 0.270573 0.565741 0.085938 0.179630
0 0.362500 0.054167 0.018750 0.028704
0 0.327344 0.047222 0.019271 0.027778
0 0.240885 0.158796 0.031771 0.058333
0 0.340365 0.170833 0.031771 0.056481
0 0.441667 0.243056 0.041667 0.076852
