0 0.240885 0.158796 0.031771 0.060185
0 0.137760 0.930093 0.172396 0.137963
0 0.348177 0.020370 0.015104 0.024074
0 0.330208 0.066204 0.020833 0.032407
0 0.372656 0.075926 0.020313 0.031481
0 0.334896 0.095370 0.018750 0.035185
0 0.423698 0.191204 0.035937 0.060185
0 0.291927 0.071296 0.020313 0.031481
0 0.321354 0.029630 0.015625 0.025926
0 0.319792 0.403704 0.060417 0.116667
0 0.341667 0.236574 0.038542 0.073148
0 0.292969 0.117130 0.024479 0.037963
0 0.460677 0.312037 0.048438 0.096296
