0 0.416406 0.174537 0.033854 0.056481
0 0.292969 0.106944 0.023438 0.036111
0 0.368490 0.067130 0.020313 0.030556
0 0.291667 0.064352 0.019792 0.030556
0 0.240885 0.158333 0.031771 0.059259
0 0.201823 0.806944 0.133854 0.275000
0 0.328646 0.347685 0.051042 0.100926
0 0.341667 0.207870 0.035417 0.065741
0 0.453646 0.284259 0.045833 0.088889
0 0.320833 0.025463 0.015625 0.023148
0 0.346094 0.015741 0.015104 0.022222
0 0.332813 0.084722 0.017708 0.036111
0 0.328906 0.057870 0.019271 0.028704
