0 0.140625 0.632870 0.141667 0.256481
0 0.182812 0.910185 0.162500 0.179630
0 0.317188 0.016667 0.015625 0.024074
0 0.240885 0.158796 0.031771 0.058333
0 0.373437 0.078241 0.020833 0.032407
0 0.416927 0.173148 0.032813 0.051852
0 0.327604 0.081481 0.021875 0.037037
0 0.475260 0.354167 0.054688 0.110185
0 0.338802 0.156481 0.029687 0.050000
0 0.281771 0.248611 0.039583 0.067593
0 0.496094 0.693519 0.096354 0.257407
0 0.345052 0.228704 0.030729 0.062963
0 0.291146 0.147685 0.029167 0.049074
