0 0.476042 0.393519 0.057292 0.122222
0 0.442708 0.235185 0.041667 0.072222
0 0.323177 0.042130 0.018229 0.028704
0 0.338802 0.125000 0.020313 0.038889
0 0.312500 0.003241 0.013542 0.006481
0 0.266667 0.619444 0.101042 0.200000
0 0.336198 0.332407 0.049479 0.101852
0 0.333073 0.087500 0.022396 0.036111
0 0.291667 0.089815 0.021875 0.037037
0 0.354687 0.034259 0.016667 0.025926
0 0.383854 0.099537 0.023958 0.036111
0 0.240625 0.158333 0.032292 0.059259
0 0.291927 0.146296 0.027604 0.046296
