0 0.334635 0.094444 0.018229 0.033333
0 0.148438 0.913889 0.158333 0.172222
0 0.330208 0.065278 0.020833 0.032407
0 0.347917 0.020370 0.015625 0.024074
0 0.372135 0.074537 0.020313 0.030556
0 0.458854 0.307870 0.047917 0.095370
0 0.291927 0.070833 0.020313 0.032407
0 0.240885 0.159259 0.031771 0.059259
0 0.321354 0.029167 0.015625 0.025000
0 0.422656 0.188889 0.035937 0.059259
0 0.292448 0.115741 0.024479 0.037037
0 0.341927 0.231944 0.038021 0.071296
0 0.320833 0.394444 0.059375 0.114815
