0 0.330990 0.073148 0.017188 0.031481
0 0.293229 0.093981 0.021875 0.034259
0 0.319531 0.019444 0.015104 0.024074
0 0.406771 0.154630 0.033333 0.051852
0 0.260156 0.601852 0.095312 0.185185
0 0.291406 0.056481 0.019271 0.029630
0 0.363542 0.056019 0.018750 0.028704
0 0.443750 0.249537 0.042708 0.080556
0 0.240885 0.158796 0.031771 0.058333
0 0.327604 0.048611 0.019792 0.028704
0 0.335417 0.292130 0.043750 0.084259
0 0.340885 0.176852 0.032813 0.057407
0 0.342969 0.010648 0.014063 0.019444
