0 0.314063 0.005093 0.012500 0.010185
0 0.358073 0.043056 0.017188 0.028704
0 0.481771 0.440741 0.061458 0.142593
0 0.290885 0.165741 0.030729 0.050000
0 0.240885 0.158333 0.031771 0.059259
0 0.324219 0.050463 0.018229 0.030556
0 0.340885 0.144444 0.023438 0.044444
0 0.325521 0.408333 0.063542 0.124074
0 0.452344 0.262963 0.044271 0.079630
0 0.334896 0.100463 0.023958 0.037963
0 0.209635 0.829630 0.138021 0.296296
0 0.390885 0.114815 0.025521 0.038889
0 0.291927 0.100463 0.023438 0.037963
