0 0.387240 0.107407 0.025521 0.037037
0 0.339844 0.132870 0.021354 0.041667
0 0.313021 0.003704 0.012500 0.007407
0 0.323698 0.045833 0.018229 0.030556
0 0.355729 0.038889 0.016667 0.027778
0 0.240625 0.158333 0.032292 0.059259
0 0.478906 0.413426 0.059896 0.128704
0 0.291406 0.155093 0.028646 0.047222
0 0.446875 0.247222 0.042708 0.075926
0 0.333854 0.093519 0.023958 0.035185
0 0.333073 0.363426 0.055729 0.108333
0 0.246875 0.700463 0.119792 0.241667
0 0.291927 0.094907 0.022396 0.037963
