0 0.290625 0.168519 0.031250 0.050000
0 0.340885 0.146759 0.023438 0.043519
0 0.324479 0.419444 0.063542 0.127778
0 0.358594 0.043981 0.017188 0.028704
0 0.324479 0.050926 0.018750 0.031481
0 0.391667 0.117130 0.026042 0.039815
0 0.453385 0.266204 0.044271 0.082407
0 0.314063 0.005556 0.012500 0.011111
0 0.482552 0.446759 0.063021 0.143519
0 0.335156 0.102315 0.023438 0.037963
0 0.240885 0.158333 0.031771 0.059259
0 0.199740 0.851852 0.145313 0.296296
0 0.292187 0.102778 0.023958 0.038889
