0 0.333854 0.098611 0.022917 0.039815
0 0.240885 0.158333 0.031771 0.059259
0 0.325000 0.051389 0.018750 0.030556
0 0.317448 0.018056 0.011979 0.019444
0 0.293229 0.035648 0.015625 0.025000
0 0.339062 0.005093 0.012500 0.010185
0 0.317708 0.006944 0.014583 0.013889
0 0.293229 0.016204 0.012500 0.019444
0 0.330729 0.162500 0.030208 0.049074
0 0.336458 0.231481 0.035417 0.064815
0 0.360417 0.056944 0.019792 0.030556
0 0.492188 0.805556 0.107292 0.316667
0 0.246354 0.672685 0.104167 0.213889
0 0.382552 0.094444 0.024479 0.038889
