0 0.240885 0.158333 0.031771 0.059259
0 0.336458 0.109722 0.025000 0.039815
0 0.395833 0.126389 0.027083 0.041667
0 0.167448 0.917593 0.144271 0.164815
0 0.313802 0.475463 0.069271 0.145370
0 0.325000 0.056019 0.018750 0.032407
0 0.341927 0.157870 0.024479 0.047222
0 0.314583 0.006944 0.013542 0.013889
0 0.361198 0.050000 0.017188 0.027778
0 0.289844 0.179167 0.032813 0.052778
0 0.291927 0.109259 0.024479 0.040741
0 0.485677 0.477778 0.067187 0.159259
0 0.458073 0.281019 0.046354 0.086111
