0 0.330990 0.173611 0.032813 0.054630
0 0.325781 0.056481 0.019271 0.029630
0 0.292969 0.017593 0.014063 0.018519
0 0.219948 0.768519 0.114479 0.259259
0 0.335156 0.249074 0.038021 0.070370
0 0.491406 0.841667 0.107813 0.316667
0 0.362500 0.061111 0.019792 0.031481
0 0.339844 0.006481 0.013021 0.012963
0 0.317969 0.007870 0.014063 0.013889
0 0.293229 0.037963 0.015625 0.024074
0 0.318490 0.020370 0.011979 0.018519
0 0.385937 0.100463 0.026042 0.039815
0 0.240885 0.158333 0.031771 0.059259
0 0.334896 0.105556 0.023958 0.040741
