0 0.321615 0.386111 0.057813 0.111111
0 0.341667 0.227778 0.037500 0.070370
0 0.321094 0.028241 0.016146 0.025000
0 0.292708 0.114352 0.025000 0.037963
0 0.240885 0.159259 0.031771 0.059259
0 0.458594 0.303241 0.047396 0.091667
0 0.291667 0.069907 0.019792 0.032407
0 0.371615 0.073148 0.020313 0.031481
0 0.421875 0.186111 0.035417 0.059259
0 0.347656 0.018981 0.015104 0.023148
0 0.334375 0.092130 0.018750 0.036111
0 0.155729 0.898611 0.154167 0.202778
0 0.330208 0.063889 0.019792 0.031481
