0 0.318490 0.011111 0.014063 0.020370
0 0.309115 0.397685 0.061979 0.115741
0 0.426823 0.199074 0.036979 0.064815
0 0.233594 0.699074 0.111979 0.224074
0 0.325260 0.035185 0.017188 0.024074
0 0.339844 0.219907 0.035937 0.069444
0 0.338021 0.132870 0.028125 0.047222
0 0.391667 0.123148 0.028125 0.044444
0 0.240885 0.158796 0.031771 0.058333
0 0.293229 0.076389 0.019792 0.032407
0 0.355729 0.038889 0.016667 0.025926
0 0.339323 0.004630 0.013021 0.009259
0 0.291406 0.043519 0.018229 0.027778
0 0.326302 0.055556 0.016146 0.027778
