0 0.331250 0.294444 0.041667 0.079630
0 0.367448 0.070833 0.021354 0.034259
0 0.319792 0.025926 0.012500 0.020370
0 0.330990 0.202315 0.033854 0.060185
0 0.336979 0.122685 0.025000 0.045370
0 0.328906 0.068056 0.020313 0.032407
0 0.392708 0.117130 0.027083 0.043519
0 0.240885 0.158333 0.031771 0.059259
0 0.293229 0.022685 0.013542 0.019444
0 0.149219 0.942593 0.130729 0.114815
0 0.342187 0.009722 0.014583 0.019444
0 0.318750 0.011574 0.015625 0.017593
0 0.293229 0.044444 0.016667 0.025926
0 0.488802 0.889815 0.131771 0.218519
