0 0.324740 0.033796 0.018229 0.025000
0 0.338281 0.004167 0.013021 0.008333
0 0.318490 0.010185 0.014063 0.018519
0 0.354687 0.037037 0.016667 0.025926
0 0.291406 0.042130 0.018229 0.026852
0 0.293490 0.074074 0.019271 0.031481
0 0.247135 0.654167 0.101562 0.202778
0 0.326042 0.053241 0.015625 0.028704
0 0.389844 0.119907 0.027604 0.041667
0 0.240885 0.158333 0.031771 0.059259
0 0.340365 0.211574 0.034896 0.065741
0 0.336979 0.127778 0.027083 0.046296
0 0.424479 0.193519 0.036458 0.064815
0 0.312240 0.381019 0.056771 0.108333
