0 0.346875 0.019444 0.014583 0.022222
0 0.375000 0.088426 0.023958 0.037963
0 0.292448 0.029630 0.015104 0.024074
0 0.240625 0.158333 0.031250 0.059259
0 0.316146 0.004630 0.012500 0.009259
0 0.328385 0.254630 0.039062 0.072222
0 0.404427 0.143981 0.031771 0.050926
0 0.321875 0.035185 0.014583 0.024074
0 0.331771 0.087500 0.022917 0.037963
0 0.315625 0.385185 0.055208 0.107407
0 0.339062 0.152315 0.029167 0.052778
0 0.321354 0.018056 0.015625 0.019444
0 0.292969 0.055093 0.017188 0.028704
