0 0.330729 0.071759 0.016667 0.032407
0 0.240885 0.158796 0.031771 0.058333
0 0.405469 0.152778 0.032813 0.053704
0 0.291406 0.055556 0.019271 0.029630
0 0.342969 0.009722 0.014063 0.019444
0 0.293229 0.093056 0.021875 0.034259
0 0.319531 0.018519 0.015104 0.024074
0 0.443229 0.246296 0.041667 0.079630
0 0.340365 0.173611 0.031771 0.056481
0 0.336198 0.286574 0.042188 0.082407
0 0.265885 0.583796 0.090104 0.175000
0 0.363021 0.055093 0.018750 0.028704
0 0.327604 0.047685 0.019792 0.028704
