0 0.240885 0.158333 0.031771 0.059259
0 0.339062 0.154167 0.029167 0.052778
0 0.314063 0.394444 0.056250 0.111111
0 0.404948 0.145833 0.031771 0.052778
0 0.292448 0.029630 0.015104 0.024074
0 0.328125 0.261111 0.039583 0.072222
0 0.322135 0.036111 0.014063 0.024074
0 0.332292 0.089815 0.022917 0.038889
0 0.375781 0.089352 0.024479 0.039815
0 0.321354 0.019907 0.015625 0.019444
0 0.347396 0.020370 0.015625 0.022222
0 0.292708 0.056019 0.017708 0.028704
0 0.316667 0.005093 0.013542 0.010185
