0 0.291667 0.066204 0.019792 0.030556
0 0.341667 0.211574 0.036458 0.065741
0 0.454427 0.287963 0.045312 0.090741
0 0.327865 0.354167 0.052604 0.100926
0 0.369531 0.068056 0.020313 0.030556
0 0.240885 0.158333 0.031771 0.059259
0 0.190104 0.839352 0.138542 0.291667
0 0.292969 0.108333 0.023438 0.037037
0 0.416927 0.176852 0.035937 0.059259
0 0.320833 0.025926 0.015625 0.024074
0 0.332813 0.085648 0.018750 0.036111
0 0.329427 0.059259 0.020313 0.029630
0 0.346354 0.016204 0.014583 0.021296
