0 0.313021 0.003704 0.012500 0.007407
0 0.355469 0.037963 0.017188 0.027778
0 0.339583 0.131019 0.020833 0.039815
0 0.445573 0.243981 0.042188 0.075000
0 0.323958 0.045370 0.017708 0.029630
0 0.291667 0.093519 0.022917 0.037037
0 0.386458 0.105556 0.025000 0.037037
0 0.240625 0.159259 0.032292 0.059259
0 0.252083 0.679167 0.111458 0.230556
0 0.291667 0.152778 0.029167 0.046296
0 0.333854 0.091667 0.022917 0.037037
0 0.478385 0.407870 0.057813 0.128704
0 0.333854 0.355093 0.054167 0.106481
