0 0.289323 0.187963 0.033854 0.055556
0 0.487240 0.500463 0.068229 0.165741
0 0.325260 0.058796 0.019271 0.032407
0 0.240885 0.158333 0.031771 0.059259
0 0.342708 0.165741 0.025000 0.048148
0 0.398177 0.131944 0.027604 0.041667
0 0.291927 0.113426 0.025521 0.041667
0 0.305729 0.517130 0.078125 0.160185
0 0.362500 0.053241 0.017708 0.028704
0 0.336458 0.115278 0.025000 0.039815
0 0.314583 0.007870 0.013542 0.015741
0 0.149740 0.968981 0.122396 0.062037
0 0.460677 0.291204 0.046354 0.089815
