0 0.324219 0.295833 0.044271 0.086111
0 0.292448 0.034722 0.016146 0.025000
0 0.323698 0.042593 0.015104 0.025926
0 0.350000 0.026389 0.015625 0.025000
0 0.334115 0.102315 0.024479 0.039815
0 0.322656 0.024074 0.017188 0.024074
0 0.293229 0.061111 0.018750 0.029630
0 0.316927 0.006481 0.013021 0.012963
0 0.412500 0.162500 0.034375 0.056481
0 0.240885 0.158796 0.031771 0.058333
0 0.380208 0.099537 0.025000 0.039815
0 0.339583 0.173611 0.031250 0.056481
0 0.297656 0.466204 0.067187 0.132407
