0 0.225000 0.742130 0.119792 0.249074
0 0.361719 0.060648 0.020313 0.030556
0 0.491667 0.835648 0.106250 0.328704
0 0.325781 0.056019 0.019271 0.030556
0 0.335417 0.244444 0.037500 0.068519
0 0.330729 0.170370 0.032292 0.053704
0 0.384896 0.099537 0.025000 0.039815
0 0.240885 0.158333 0.031771 0.059259
0 0.334896 0.103704 0.023958 0.040741
0 0.317969 0.019907 0.011979 0.019444
0 0.292969 0.037963 0.016146 0.025926
0 0.317969 0.007407 0.014063 0.014815
0 0.339583 0.006019 0.013542 0.012037
0 0.292969 0.017593 0.014063 0.018519
