0 0.361198 0.058333 0.020313 0.031481
0 0.240885 0.158333 0.031771 0.059259
0 0.334635 0.102315 0.023438 0.041667
0 0.233854 0.718056 0.113542 0.237963
0 0.491927 0.831019 0.105729 0.336111
0 0.317969 0.006944 0.015104 0.013889
0 0.292969 0.016667 0.013021 0.018519
0 0.383854 0.097685 0.025000 0.039815
0 0.325521 0.053704 0.018750 0.031481
0 0.330729 0.168056 0.031250 0.052778
0 0.335677 0.239815 0.036979 0.068519
0 0.339323 0.006019 0.013021 0.012037
0 0.317708 0.018519 0.012500 0.020370
0 0.292969 0.036574 0.016146 0.026852
