0 0.336198 0.116667 0.024479 0.042593
0 0.292969 0.042130 0.016146 0.026852
0 0.168490 0.894907 0.146354 0.210185
0 0.489583 0.873148 0.120833 0.253704
0 0.319010 0.010185 0.015104 0.016667
0 0.341406 0.008796 0.014063 0.015741
0 0.293229 0.020370 0.013542 0.018519
0 0.390365 0.111574 0.027604 0.043519
0 0.333073 0.277778 0.040104 0.075926
0 0.327865 0.063889 0.020313 0.033333
0 0.330990 0.192130 0.032813 0.058333
0 0.319271 0.024074 0.012500 0.020370
0 0.240885 0.158333 0.031771 0.059259
0 0.365625 0.067593 0.020833 0.033333
