0 0.336979 0.211111 0.034375 0.062963
0 0.337240 0.000926 0.011979 0.001852
0 0.337500 0.003241 0.012500 0.006481
0 0.316927 0.005093 0.013021 0.010185
0 0.317188 0.015278 0.011458 0.015741
0 0.293229 0.032407 0.015625 0.025926
0 0.323958 0.046296 0.017708 0.027778
0 0.333333 0.090278 0.021875 0.039815
0 0.379167 0.086574 0.023958 0.036111
0 0.358073 0.050463 0.019271 0.030556
0 0.240885 0.157407 0.031771 0.059259
0 0.330729 0.148611 0.029167 0.049074
0 0.271354 0.581019 0.086458 0.173148
0 0.491406 0.747222 0.097396 0.296296
