0 0.293229 0.019907 0.013542 0.019444
0 0.340885 0.008333 0.013021 0.014815
0 0.334115 0.267593 0.039062 0.074074
0 0.318490 0.009722 0.015104 0.017593
0 0.184115 0.866204 0.144271 0.267593
0 0.240885 0.158333 0.031771 0.059259
0 0.327083 0.061574 0.019792 0.030556
0 0.318750 0.022685 0.012500 0.019444
0 0.364323 0.065741 0.021354 0.033333
0 0.389062 0.107870 0.027083 0.041667
0 0.330990 0.185648 0.032813 0.056481
0 0.491146 0.863889 0.120833 0.272222
0 0.335677 0.113426 0.024479 0.043519
0 0.293229 0.040741 0.016667 0.025926
