0 0.327865 0.065741 0.020313 0.033333
0 0.391406 0.113426 0.027604 0.043519
0 0.332292 0.283333 0.040625 0.075926
0 0.293229 0.021296 0.013542 0.018519
0 0.341667 0.009722 0.014583 0.017593
0 0.488802 0.879167 0.125521 0.241667
0 0.318750 0.010185 0.015625 0.018519
0 0.319531 0.024074 0.011979 0.022222
0 0.293229 0.043519 0.016667 0.025926
0 0.157812 0.906944 0.156250 0.186111
0 0.336458 0.119444 0.025000 0.044444
0 0.330990 0.195833 0.033854 0.060185
0 0.366146 0.068519 0.020833 0.033333
0 0.240885 0.157870 0.031771 0.058333
