0 0.330208 0.228704 0.036458 0.066667
0 0.371094 0.080556 0.023438 0.035185
0 0.292969 0.026389 0.014063 0.023148
0 0.320312 0.015278 0.015625 0.019444
0 0.240885 0.158333 0.031771 0.059259
0 0.338021 0.137963 0.027083 0.048148
0 0.398958 0.131019 0.029167 0.047222
0 0.324479 0.337963 0.048958 0.092593
0 0.292969 0.050000 0.018229 0.027778
0 0.330208 0.078241 0.021875 0.036111
0 0.344792 0.015278 0.014583 0.021296
0 0.489323 0.942593 0.101562 0.111111
0 0.316927 0.003704 0.015104 0.007407
0 0.320833 0.031481 0.013542 0.022222
