0 0.314063 0.006481 0.013542 0.012963
0 0.457031 0.277778 0.045312 0.081481
0 0.341927 0.155093 0.024479 0.047222
0 0.360417 0.049074 0.017708 0.027778
0 0.335677 0.108796 0.024479 0.039815
0 0.240885 0.158333 0.031771 0.059259
0 0.170833 0.902315 0.154167 0.193519
0 0.324479 0.054630 0.018750 0.033333
0 0.316927 0.464352 0.068229 0.141667
0 0.394792 0.124537 0.027083 0.039815
0 0.289844 0.177315 0.032813 0.054630
0 0.485938 0.471759 0.066667 0.152778
0 0.291927 0.107870 0.024479 0.041667
