0 0.317969 0.008796 0.014063 0.017593
0 0.324219 0.031944 0.017188 0.025000
0 0.325521 0.049537 0.015625 0.028704
0 0.240885 0.158333 0.031771 0.059259
0 0.421094 0.185185 0.036979 0.062963
0 0.315625 0.356481 0.052083 0.100000
0 0.336719 0.121296 0.025521 0.042593
0 0.263021 0.598611 0.092708 0.178704
0 0.387240 0.114352 0.026562 0.041667
0 0.291667 0.040278 0.017708 0.026852
0 0.340365 0.201389 0.033854 0.063889
0 0.292969 0.070833 0.019271 0.030556
0 0.353385 0.033333 0.016146 0.025926
0 0.336719 0.003241 0.013021 0.006481
