0 0.330990 0.179167 0.032813 0.054630
0 0.335156 0.109259 0.024479 0.042593
0 0.318490 0.014815 0.013021 0.016667
0 0.487500 0.973611 0.104167 0.052778
0 0.293229 0.019907 0.013542 0.019444
0 0.340365 0.006944 0.013021 0.013889
0 0.318490 0.009259 0.015104 0.016667
0 0.293229 0.038889 0.016667 0.025926
0 0.318750 0.021759 0.012500 0.019444
0 0.491406 0.850463 0.117188 0.293519
0 0.387240 0.104167 0.026562 0.041667
0 0.201563 0.824074 0.129167 0.275926
0 0.363542 0.062500 0.020833 0.032407
0 0.334635 0.258333 0.039062 0.072222
0 0.326562 0.059722 0.019792 0.030556
0 0.240885 0.158333 0.031771 0.059259
