0 0.346354 0.018981 0.014583 0.023148
0 0.293229 0.054167 0.017708 0.026852
0 0.292708 0.028241 0.015625 0.025000
0 0.321094 0.018056 0.015104 0.021296
0 0.331771 0.086574 0.022917 0.036111
0 0.240885 0.158333 0.031771 0.059259
0 0.374479 0.087037 0.023958 0.037037
0 0.328906 0.250926 0.038021 0.070370
0 0.403646 0.142130 0.031250 0.050926
0 0.321875 0.034259 0.014583 0.025926
0 0.338802 0.149537 0.028646 0.050926
0 0.316927 0.378241 0.053646 0.104630
0 0.488484 0.990009 0.086031 0.019981
0 0.316146 0.004630 0.012500 0.009259
