0 0.293229 0.087963 0.020833 0.033333
0 0.401562 0.143981 0.031250 0.049074
0 0.438281 0.232407 0.040104 0.074074
0 0.282031 0.521296 0.078646 0.153704
0 0.240885 0.158796 0.031771 0.058333
0 0.339844 0.161111 0.030729 0.055556
0 0.337500 0.265741 0.041667 0.079630
0 0.360677 0.050463 0.018229 0.028704
0 0.327083 0.044444 0.018750 0.025926
0 0.329427 0.066204 0.016146 0.032407
0 0.341927 0.007870 0.014063 0.015741
0 0.140104 0.932407 0.151042 0.133333
0 0.319010 0.015741 0.015104 0.024074
0 0.291667 0.052315 0.018750 0.028704
