0 0.340104 0.158333 0.031250 0.055556
0 0.319010 0.015278 0.015104 0.023148
0 0.400521 0.141204 0.031250 0.049074
0 0.341667 0.007870 0.013542 0.015741
0 0.146615 0.917130 0.147396 0.165741
0 0.293229 0.087037 0.020833 0.033333
0 0.291667 0.051389 0.018750 0.028704
0 0.329167 0.065741 0.016667 0.029630
0 0.360417 0.049074 0.017708 0.027778
0 0.284896 0.508333 0.076042 0.150000
0 0.437500 0.229630 0.040625 0.072222
0 0.337760 0.260648 0.042188 0.076852
0 0.240885 0.158333 0.031771 0.059259
0 0.326823 0.043519 0.019271 0.027778
