0 0.294792 0.478241 0.068750 0.136111
0 0.292187 0.035185 0.016667 0.025926
0 0.413021 0.165278 0.034375 0.056481
0 0.339844 0.176389 0.031771 0.058333
0 0.323698 0.043056 0.015104 0.025000
0 0.323437 0.301852 0.045833 0.088889
0 0.240885 0.158333 0.031771 0.059259
0 0.380990 0.100463 0.025521 0.039815
0 0.293229 0.062500 0.018750 0.030556
0 0.334635 0.104167 0.024479 0.039815
0 0.322917 0.025463 0.017708 0.025000
0 0.350260 0.026852 0.015104 0.022222
0 0.316927 0.006481 0.013021 0.012963
