0 0.361719 0.051389 0.017188 0.028704
0 0.487240 0.486111 0.066146 0.157407
0 0.292187 0.110648 0.025000 0.041667
0 0.336198 0.111111 0.025521 0.040741
0 0.311979 0.489352 0.071875 0.147222
0 0.342448 0.161111 0.024479 0.046296
0 0.314844 0.007407 0.013021 0.014815
0 0.158073 0.932870 0.151562 0.132407
0 0.290104 0.182407 0.033333 0.053704
0 0.325260 0.056481 0.019271 0.031481
0 0.458854 0.285185 0.046875 0.087037
0 0.240885 0.158333 0.031771 0.059259
0 0.396875 0.128704 0.027083 0.040741
