0 0.291146 0.163426 0.031250 0.049074
0 0.334635 0.099537 0.023438 0.037963
0 0.451562 0.260648 0.043750 0.078704
0 0.390104 0.113889 0.026042 0.038889
0 0.327604 0.399074 0.060417 0.120370
0 0.219271 0.799537 0.134375 0.280556
0 0.357812 0.043056 0.017708 0.028704
0 0.340625 0.142130 0.022917 0.043519
0 0.313542 0.005093 0.012500 0.010185
0 0.324219 0.049537 0.018229 0.030556
0 0.240885 0.158333 0.031771 0.059259
0 0.291927 0.099537 0.023438 0.037963
0 0.481771 0.434722 0.061458 0.139815
