0 0.240885 0.158333 0.031771 0.059259
0 0.317708 0.006944 0.014583 0.013889
0 0.293490 0.016204 0.013021 0.019444
0 0.325000 0.052778 0.018750 0.029630
0 0.334115 0.100000 0.023438 0.040741
0 0.360938 0.056481 0.019792 0.031481
0 0.491927 0.819907 0.105729 0.334259
0 0.335938 0.235185 0.036458 0.068519
0 0.383333 0.095370 0.025000 0.038889
0 0.339062 0.005093 0.012500 0.010185
0 0.330990 0.164815 0.030729 0.050000
0 0.317448 0.018056 0.011979 0.019444
0 0.240365 0.696296 0.108854 0.225926
0 0.293229 0.036111 0.015625 0.025926
