0 0.383854 0.107407 0.026042 0.042593
0 0.240885 0.158333 0.031771 0.059259
0 0.317448 0.007870 0.013021 0.015741
0 0.320833 0.327778 0.047917 0.088889
0 0.416927 0.175463 0.035937 0.060185
0 0.340365 0.187500 0.031771 0.060185
0 0.324219 0.046296 0.015104 0.027778
0 0.291927 0.037500 0.017188 0.025000
0 0.293229 0.067130 0.018750 0.030556
0 0.323698 0.027778 0.017188 0.024074
0 0.335417 0.112037 0.025000 0.042593
0 0.280990 0.534722 0.079687 0.162037
0 0.352083 0.030556 0.015625 0.024074
