0 0.336198 0.113426 0.025521 0.041667
0 0.325260 0.057407 0.019271 0.031481
0 0.154427 0.950000 0.138021 0.098148
0 0.314583 0.007407 0.013542 0.014815
0 0.308333 0.502778 0.076042 0.153704
0 0.291667 0.111574 0.025000 0.041667
0 0.289583 0.184722 0.033333 0.054630
0 0.361719 0.052315 0.018229 0.028704
0 0.397396 0.130093 0.028125 0.039815
0 0.342448 0.163426 0.024479 0.047222
0 0.240885 0.158333 0.031771 0.059259
0 0.487240 0.491667 0.068229 0.162963
0 0.459896 0.287963 0.046875 0.087037
