0 0.484375 0.459259 0.064583 0.146296
0 0.314063 0.006019 0.012500 0.012037
0 0.290625 0.173148 0.032292 0.051852
0 0.454688 0.271296 0.044792 0.083333
0 0.321094 0.438889 0.065104 0.135185
0 0.359635 0.046296 0.018229 0.029630
0 0.393229 0.120833 0.026042 0.039815
0 0.341406 0.150926 0.023438 0.044444
0 0.183073 0.875463 0.150521 0.243519
0 0.291927 0.104630 0.024479 0.040741
0 0.240885 0.158796 0.031771 0.058333
0 0.335417 0.105093 0.023958 0.037963
0 0.325000 0.052778 0.018750 0.031481
