0 0.348698 0.023611 0.015104 0.023148
0 0.305990 0.433796 0.064062 0.121296
0 0.339583 0.164815 0.030208 0.055556
0 0.409375 0.155093 0.033333 0.056481
0 0.322917 0.039352 0.014583 0.025000
0 0.240885 0.158796 0.031771 0.058333
0 0.326042 0.280093 0.042708 0.078704
0 0.378385 0.094907 0.024479 0.037963
0 0.292187 0.032407 0.015625 0.024074
0 0.333333 0.096296 0.023958 0.038889
0 0.292969 0.058796 0.018229 0.028704
0 0.322396 0.021759 0.015625 0.021296
0 0.316667 0.006019 0.012500 0.012037
