0 0.347656 0.021296 0.015104 0.024074
0 0.293229 0.056481 0.017708 0.029630
0 0.321875 0.020370 0.015625 0.020370
0 0.327083 0.265278 0.041667 0.075000
0 0.322656 0.037500 0.014063 0.023148
0 0.332813 0.090741 0.022917 0.038889
0 0.240885 0.158333 0.031771 0.059259
0 0.311979 0.403704 0.058333 0.112963
0 0.339583 0.156944 0.030208 0.054630
0 0.292448 0.030556 0.015104 0.024074
0 0.406510 0.147685 0.031771 0.052778
0 0.376302 0.091204 0.024479 0.037963
0 0.316146 0.005556 0.012500 0.011111
