0 0.333073 0.084259 0.018229 0.033333
0 0.291667 0.063426 0.019792 0.030556
0 0.452604 0.280093 0.045833 0.087963
0 0.240885 0.158796 0.031771 0.058333
0 0.292969 0.105556 0.023438 0.035185
0 0.209115 0.778241 0.128646 0.258333
0 0.341667 0.204630 0.034375 0.064815
0 0.368490 0.066667 0.020313 0.029630
0 0.329948 0.340741 0.050521 0.098148
0 0.320833 0.024537 0.015625 0.023148
0 0.345833 0.015278 0.014583 0.021296
0 0.329167 0.057407 0.019792 0.029630
0 0.414844 0.171759 0.034896 0.058333
