0 0.333854 0.091204 0.022917 0.036111
0 0.258854 0.658333 0.106250 0.216667
0 0.444792 0.242130 0.041667 0.075000
0 0.291406 0.150926 0.028646 0.046296
0 0.385156 0.103704 0.024479 0.037037
0 0.339062 0.129630 0.021875 0.040741
0 0.240625 0.159259 0.032292 0.059259
0 0.354948 0.037500 0.017188 0.026852
0 0.312760 0.003704 0.011979 0.007407
0 0.334375 0.347685 0.053125 0.104630
0 0.323437 0.044907 0.017708 0.030556
0 0.291667 0.092593 0.022917 0.037037
0 0.477604 0.403704 0.059375 0.125926
