0 0.240885 0.159259 0.031771 0.059259
0 0.333073 0.087037 0.022396 0.035185
0 0.338542 0.124074 0.020833 0.038889
0 0.312500 0.003241 0.013542 0.006481
0 0.273438 0.599537 0.091667 0.195370
0 0.292187 0.145370 0.027083 0.044444
0 0.475260 0.387963 0.057813 0.120370
0 0.336719 0.325926 0.049479 0.098148
0 0.383073 0.099074 0.023438 0.037037
0 0.441406 0.233333 0.041146 0.074074
0 0.323437 0.042130 0.017708 0.028704
0 0.291927 0.089815 0.021354 0.037037
0 0.353906 0.034259 0.016146 0.025926
