0 0.336719 0.276389 0.042188 0.082407
0 0.403125 0.148148 0.032292 0.051852
0 0.240885 0.158796 0.031771 0.058333
0 0.291667 0.054167 0.018750 0.028704
0 0.361979 0.052315 0.018750 0.028704
0 0.274219 0.551389 0.085938 0.163889
0 0.292969 0.090741 0.021354 0.035185
0 0.319271 0.016667 0.015625 0.024074
0 0.329948 0.069444 0.017188 0.031481
0 0.341927 0.008796 0.014063 0.017593
0 0.327083 0.045833 0.018750 0.026852
0 0.135417 0.974537 0.125000 0.049074
0 0.440885 0.238426 0.042188 0.075000
0 0.340104 0.167593 0.031250 0.055556
