0 0.325521 0.037037 0.017708 0.024074
0 0.305990 0.416667 0.064062 0.122222
0 0.338021 0.137500 0.028125 0.049074
0 0.339062 0.227315 0.036458 0.069444
0 0.219531 0.748148 0.125521 0.250000
0 0.428906 0.205093 0.038021 0.067593
0 0.240885 0.158796 0.031771 0.058333
0 0.292969 0.077778 0.020313 0.033333
0 0.392969 0.126852 0.028646 0.044444
0 0.291146 0.045370 0.018750 0.027778
0 0.356771 0.040741 0.017708 0.027778
0 0.327083 0.056944 0.016667 0.028704
0 0.318490 0.011574 0.014063 0.021296
0 0.339583 0.005093 0.012500 0.010185
0 0.339062 0.001389 0.012500 0.002778
