0 0.339844 0.137500 0.022396 0.043519
0 0.323958 0.047222 0.018750 0.029630
0 0.330469 0.380556 0.056771 0.114815
0 0.232813 0.746759 0.125000 0.258333
0 0.357292 0.040741 0.016667 0.027778
0 0.334635 0.096759 0.023438 0.036111
0 0.291146 0.159259 0.030208 0.048148
0 0.240885 0.158796 0.031771 0.058333
0 0.449219 0.253704 0.043229 0.077778
0 0.313281 0.004630 0.013021 0.009259
0 0.480729 0.423148 0.060417 0.135185
0 0.388281 0.110185 0.025521 0.038889
0 0.291927 0.097222 0.023438 0.037037
