0 0.333333 0.092130 0.021875 0.039815
0 0.358594 0.051852 0.019271 0.029630
0 0.240885 0.157407 0.031771 0.059259
0 0.336719 0.215741 0.034896 0.062963
0 0.379688 0.087963 0.023958 0.037037
0 0.337760 0.001852 0.011979 0.003704
0 0.292969 0.013889 0.013021 0.018519
0 0.337760 0.003704 0.013021 0.007407
0 0.265885 0.597222 0.089063 0.183333
0 0.330729 0.150926 0.029167 0.048148
0 0.491667 0.758333 0.103125 0.294444
0 0.316667 0.005556 0.013542 0.011111
0 0.293229 0.032407 0.014583 0.025926
0 0.317188 0.016204 0.011458 0.017593
0 0.323958 0.047222 0.017708 0.027778
