0 0.364844 0.066667 0.021354 0.033333
0 0.292969 0.041667 0.016146 0.027778
0 0.336198 0.114352 0.024479 0.043519
0 0.318750 0.023611 0.012500 0.019444
0 0.490885 0.867130 0.118229 0.265741
0 0.240885 0.158333 0.031771 0.059259
0 0.327604 0.062500 0.019792 0.032407
0 0.175260 0.880093 0.147396 0.239815
0 0.333594 0.272222 0.039062 0.074074
0 0.389583 0.109259 0.027083 0.042593
0 0.330469 0.188889 0.032813 0.057407
0 0.341146 0.008333 0.014583 0.016667
0 0.293229 0.020370 0.013542 0.018519
0 0.319010 0.010185 0.015104 0.016667
