0 0.163802 0.886111 0.151562 0.227778
0 0.293490 0.085185 0.021354 0.033333
0 0.291406 0.050000 0.019271 0.027778
0 0.340625 0.006944 0.012500 0.013889
0 0.435156 0.223148 0.040104 0.072222
0 0.326302 0.041204 0.018229 0.026852
0 0.292187 0.481019 0.071875 0.143519
0 0.359635 0.046759 0.018229 0.026852
0 0.339323 0.153241 0.029687 0.052778
0 0.240885 0.158796 0.031771 0.058333
0 0.319271 0.014352 0.014583 0.023148
0 0.398438 0.137963 0.030208 0.048148
0 0.338021 0.253241 0.039583 0.075000
0 0.328385 0.062963 0.016146 0.031481
