0 0.339583 0.170370 0.030208 0.057407
0 0.316667 0.006019 0.012500 0.012037
0 0.292969 0.060648 0.018229 0.030556
0 0.333854 0.100463 0.023958 0.039815
0 0.349740 0.025926 0.015104 0.022222
0 0.322396 0.024074 0.016667 0.024074
0 0.240885 0.158796 0.031771 0.058333
0 0.379427 0.098611 0.024479 0.037963
0 0.323437 0.041667 0.013542 0.025926
0 0.411198 0.160185 0.033854 0.055556
0 0.325260 0.290741 0.044271 0.081481
0 0.291927 0.033333 0.016146 0.025926
0 0.299479 0.455556 0.064583 0.129630
