0 0.258594 0.613889 0.094271 0.187037
0 0.354167 0.035185 0.016667 0.024074
0 0.293229 0.071759 0.018750 0.030556
0 0.325521 0.050926 0.015625 0.029630
0 0.318229 0.009259 0.014583 0.018519
0 0.338021 0.003704 0.013542 0.007407
0 0.336979 0.124074 0.026042 0.044444
0 0.291667 0.040741 0.018750 0.029630
0 0.388021 0.115741 0.027083 0.042593
0 0.240885 0.158333 0.031771 0.059259
0 0.324479 0.032407 0.017708 0.024074
0 0.314844 0.363889 0.055729 0.105556
0 0.339844 0.204630 0.033854 0.064815
0 0.422396 0.187963 0.036458 0.061111
