0 0.292448 0.015278 0.013021 0.017593
0 0.262240 0.616204 0.096354 0.189815
0 0.380469 0.089815 0.024479 0.037037
0 0.330729 0.154167 0.029167 0.049074
0 0.491406 0.772222 0.100521 0.303704
0 0.324219 0.048611 0.018229 0.028704
0 0.359115 0.052315 0.020313 0.030556
0 0.317448 0.016204 0.011979 0.017593
0 0.240885 0.158333 0.031771 0.059259
0 0.333333 0.093981 0.022917 0.039815
0 0.293490 0.032870 0.015104 0.025000
0 0.317188 0.006481 0.013542 0.012963
0 0.338021 0.004167 0.012500 0.008333
0 0.336719 0.219907 0.034896 0.063889
