0 0.340104 0.191204 0.032292 0.060185
0 0.276823 0.548611 0.082812 0.160185
0 0.240885 0.158333 0.031771 0.059259
0 0.319792 0.333796 0.050000 0.093519
0 0.417969 0.176852 0.035937 0.061111
0 0.335938 0.114352 0.025000 0.041667
0 0.291927 0.037500 0.017188 0.026852
0 0.324740 0.047222 0.016146 0.027778
0 0.292969 0.067593 0.019271 0.031481
0 0.352604 0.031481 0.015625 0.024074
0 0.317708 0.007870 0.013542 0.015741
0 0.323698 0.028704 0.017188 0.024074
0 0.384896 0.109259 0.026042 0.042593
