0 0.337760 0.130556 0.025521 0.046296
0 0.320312 0.028241 0.012500 0.023148
0 0.489063 0.919907 0.107292 0.160185
0 0.343490 0.012037 0.015104 0.022222
0 0.329948 0.217130 0.034896 0.063889
0 0.319792 0.013889 0.014583 0.020370
0 0.327344 0.318519 0.045312 0.087037
0 0.329427 0.074074 0.021354 0.035185
0 0.240885 0.157870 0.031771 0.058333
0 0.396354 0.125000 0.029167 0.046296
0 0.292969 0.025000 0.013021 0.020370
0 0.292969 0.047222 0.017188 0.025926
0 0.369531 0.075926 0.022396 0.035185
