0 0.416146 0.171759 0.035417 0.058333
0 0.383333 0.105556 0.026042 0.040741
0 0.240885 0.158796 0.031771 0.058333
0 0.285938 0.518519 0.077083 0.150000
0 0.320833 0.320833 0.047917 0.091667
0 0.291927 0.036574 0.016146 0.026852
0 0.339844 0.184722 0.031771 0.062037
0 0.324219 0.045370 0.015104 0.027778
0 0.293229 0.066204 0.018750 0.030556
0 0.317448 0.007407 0.013021 0.014815
0 0.335417 0.109722 0.025000 0.041667
0 0.323698 0.027315 0.017188 0.023148
0 0.351562 0.030093 0.015625 0.023148
