0 0.371875 0.081481 0.022917 0.035185
0 0.345052 0.015741 0.015104 0.022222
0 0.316667 0.003704 0.014583 0.007407
0 0.488542 0.951389 0.102083 0.095370
0 0.338021 0.139352 0.028125 0.049074
0 0.399740 0.132870 0.029687 0.047222
0 0.329688 0.232870 0.037500 0.067593
0 0.330729 0.079630 0.021875 0.035185
0 0.240885 0.158333 0.031771 0.059259
0 0.292708 0.026389 0.014583 0.023148
0 0.320312 0.015741 0.015625 0.020370
0 0.323177 0.345833 0.049479 0.093519
0 0.321094 0.031481 0.011979 0.024074
0 0.292969 0.050463 0.018229 0.028704
