0 0.479427 0.418519 0.059896 0.133333
0 0.291146 0.157407 0.029167 0.046296
0 0.447917 0.251389 0.042708 0.076852
0 0.356510 0.039352 0.017188 0.026852
0 0.313281 0.004167 0.011979 0.008333
0 0.387760 0.108796 0.025521 0.037963
0 0.324219 0.046759 0.018229 0.030556
0 0.240885 0.158333 0.031771 0.059259
0 0.291667 0.095833 0.022917 0.036111
0 0.333854 0.095370 0.023958 0.037037
0 0.339583 0.135648 0.021875 0.041667
0 0.240104 0.721296 0.122917 0.251852
0 0.331771 0.371759 0.056250 0.112037
