0 0.303646 0.427315 0.064583 0.123148
0 0.394271 0.128704 0.029167 0.046296
0 0.338281 0.139815 0.028646 0.050000
0 0.325521 0.037500 0.017708 0.025000
0 0.339323 0.001389 0.013021 0.002778
0 0.339844 0.005093 0.013021 0.010185
0 0.318750 0.012037 0.014583 0.022222
0 0.327344 0.057870 0.016146 0.028704
0 0.357292 0.042130 0.016667 0.026852
0 0.210156 0.773148 0.127604 0.262963
0 0.339583 0.231019 0.036458 0.069444
0 0.430208 0.207407 0.038542 0.066667
0 0.290885 0.045370 0.019271 0.029630
0 0.292969 0.079167 0.020313 0.034259
0 0.240885 0.158333 0.031771 0.059259
