0 0.240885 0.158333 0.031771 0.059259
0 0.321875 0.353704 0.050000 0.094444
0 0.292969 0.051389 0.017188 0.028704
0 0.321615 0.032407 0.014063 0.024074
0 0.488281 0.960648 0.099479 0.078704
0 0.345573 0.016667 0.015104 0.022222
0 0.320833 0.016204 0.015625 0.019444
0 0.331250 0.081481 0.021875 0.035185
0 0.317188 0.004167 0.016667 0.008333
0 0.400521 0.135185 0.030208 0.048148
0 0.329167 0.237037 0.038542 0.068519
0 0.372135 0.083333 0.023438 0.035185
0 0.292969 0.026852 0.014063 0.022222
0 0.338281 0.142130 0.028646 0.049074
