0 0.373437 0.077778 0.020833 0.031481
0 0.321615 0.030556 0.017188 0.027778
0 0.425000 0.193056 0.036458 0.062037
0 0.240625 0.158333 0.031250 0.059259
0 0.292708 0.118981 0.025000 0.037963
0 0.318490 0.413889 0.061979 0.120370
0 0.461719 0.317130 0.048438 0.099074
0 0.341667 0.241667 0.038542 0.074074
0 0.330469 0.067593 0.020313 0.033333
0 0.291667 0.073148 0.020833 0.033333
0 0.334635 0.096759 0.019271 0.036111
0 0.348698 0.022222 0.015104 0.022222
0 0.138802 0.949074 0.130729 0.101852
