0 0.291406 0.050926 0.019271 0.027778
0 0.436198 0.225926 0.040104 0.072222
0 0.341146 0.007407 0.012500 0.014815
0 0.240885 0.158796 0.031771 0.058333
0 0.293490 0.086111 0.020313 0.033333
0 0.328906 0.064815 0.016146 0.029630
0 0.326562 0.042593 0.018750 0.025926
0 0.399479 0.139815 0.030208 0.048148
0 0.288281 0.495833 0.073438 0.141667
0 0.154427 0.901389 0.148438 0.197222
0 0.339844 0.155556 0.030729 0.053704
0 0.338021 0.256481 0.041667 0.077778
0 0.319010 0.014352 0.015104 0.023148
0 0.360156 0.048148 0.018229 0.027778
