0 0.135417 0.954630 0.134375 0.090741
0 0.341667 0.008333 0.013542 0.016667
0 0.329688 0.067593 0.016667 0.031481
0 0.319010 0.016667 0.015104 0.024074
0 0.293229 0.089352 0.020833 0.034259
0 0.402344 0.145833 0.031771 0.050926
0 0.291146 0.053241 0.018750 0.028704
0 0.339844 0.164352 0.030729 0.054630
0 0.327083 0.045370 0.019792 0.027778
0 0.361458 0.051389 0.018750 0.028704
0 0.240885 0.158796 0.031771 0.058333
0 0.439583 0.235185 0.040625 0.074074
0 0.336979 0.271296 0.040625 0.081481
0 0.278125 0.537500 0.080208 0.158333
