0 0.345833 0.017593 0.014583 0.022222
0 0.487760 0.968981 0.096354 0.062037
0 0.240885 0.158333 0.031771 0.059259
0 0.373437 0.084259 0.023958 0.037037
0 0.292969 0.052315 0.017188 0.028704
0 0.317188 0.004167 0.015625 0.008333
0 0.320052 0.359722 0.052604 0.100926
0 0.321615 0.032870 0.013021 0.023148
0 0.329167 0.241667 0.038542 0.068519
0 0.401562 0.137500 0.031250 0.049074
0 0.331250 0.082870 0.021875 0.036111
0 0.321094 0.018056 0.015104 0.021296
0 0.338281 0.144444 0.028646 0.050000
0 0.292969 0.027315 0.014063 0.023148
