0 0.324740 0.047685 0.015104 0.026852
0 0.385417 0.110185 0.027083 0.042593
0 0.240885 0.158333 0.031771 0.059259
0 0.318490 0.341667 0.050521 0.096296
0 0.339844 0.194444 0.032813 0.062963
0 0.291667 0.038426 0.017708 0.026852
0 0.317969 0.008333 0.014063 0.016667
0 0.293229 0.068519 0.018750 0.031481
0 0.272917 0.563426 0.086458 0.165741
0 0.335938 0.116204 0.025000 0.043519
0 0.323698 0.029630 0.017188 0.024074
0 0.352865 0.032407 0.015104 0.024074
0 0.419010 0.179630 0.034896 0.061111
