0 0.319010 0.451852 0.066146 0.137037
0 0.485156 0.466204 0.065104 0.149074
0 0.455469 0.275463 0.045312 0.084259
0 0.394010 0.122685 0.026562 0.039815
0 0.291927 0.106481 0.024479 0.040741
0 0.324479 0.053704 0.018750 0.031481
0 0.341927 0.154167 0.023438 0.045370
0 0.290365 0.175463 0.032813 0.052778
0 0.240885 0.158796 0.031771 0.060185
0 0.359896 0.047685 0.017708 0.028704
0 0.178385 0.888889 0.146354 0.218519
0 0.335677 0.107407 0.024479 0.038889
0 0.314323 0.006481 0.013021 0.012963
