0 0.292969 0.058796 0.018229 0.030556
0 0.333333 0.094907 0.023958 0.037963
0 0.322135 0.021759 0.017188 0.023148
0 0.316667 0.006019 0.013542 0.012037
0 0.326562 0.275463 0.041667 0.076852
0 0.348177 0.023148 0.015104 0.022222
0 0.408333 0.152778 0.033333 0.055556
0 0.339583 0.162500 0.030208 0.054630
0 0.308333 0.423611 0.062500 0.119444
0 0.377344 0.093981 0.024479 0.037963
0 0.240885 0.158333 0.031771 0.059259
0 0.292448 0.031944 0.015104 0.025000
0 0.322917 0.039352 0.014583 0.023148
