0 0.322917 0.026852 0.016667 0.024074
0 0.381771 0.102315 0.025000 0.039815
0 0.240885 0.158796 0.031771 0.058333
0 0.322656 0.307870 0.047396 0.089815
0 0.292448 0.491667 0.072396 0.138889
0 0.414323 0.167593 0.033854 0.055556
0 0.323958 0.043981 0.014583 0.025000
0 0.291927 0.035185 0.016146 0.027778
0 0.316927 0.006944 0.013021 0.013889
0 0.351042 0.027778 0.015625 0.022222
0 0.340104 0.178704 0.032292 0.059259
0 0.293229 0.063889 0.018750 0.029630
0 0.334896 0.106481 0.025000 0.040741
